ACTA_ANIO|ACTA_NUMERO
2024|7779
2024|1254
2024|465
2024|11354
2024|7784
2024|3997
2024|8538
2024|23125
2024|23102
2024|10590
2024|8324
2024|6749
2024|4152
2024|5257
2024|2812
2024|24763
2024|2449
2024|25628
2024|28971
2024|29489
2024|10519
2024|21285
2024|2599
2024|3901
2024|5790
2024|5581
2024|10353
2024|6265
2024|10053
2024|24202
2024|2138
2024|4575
2024|2106
2024|7029
2024|2141
2024|10128
2024|23137
2024|27806
2024|54574
2024|2935
2024|3014
2024|3018
2024|3031
2024|2164
2024|3037
2024|10324
2024|3065
2024|3068
2024|3096
2024|3097
2024|3112
2024|3135
2024|3142
2024|29300
2024|40695
2024|2956
2024|3147
2024|3161
2024|3165
2024|3180
2024|3197
2024|3214
2024|3220
2024|3239
2024|3267
2024|3279
2024|3282
2024|3294
2024|3298
2024|10232
2024|4704
2024|3308
2024|59917
2024|3339
2024|3349
2024|3365
2024|3376
2024|3380
2024|2208
2024|2215
2024|2216
2024|3398
2024|3418
2024|3450
2024|3451
2024|6130
2024|6791
2024|8603
2024|20858
2024|25861
2024|27070
2024|29581
2024|40541
2024|41871
2024|44688
2024|45076
2024|45736
2024|46455
2024|55584
2024|56892
2024|3498
2024|3518
2024|43767
2024|30213
2024|39777
2024|3539
2024|3541
2024|3549
2024|3564
2024|3569
2024|5073
2024|4735
2024|6568
2024|23335
2024|25152
2024|10207
2024|39850
2024|7581
2024|3221
2024|3591
2024|3598
2024|3603
2024|3624
2024|3630
2024|3649
2024|77144
2024|74554
2024|2724
2024|2218
2024|2231
2024|2258
2024|7513
2024|8084
2024|8748
2024|55802
2024|2306
2024|2352
2024|2398
2024|2400
2024|2434
2024|2440
2024|2455
2024|2458
2024|2460
2024|2478
2024|2482
2024|73916
2024|3875
2024|6561
2024|7448
2024|10025
2024|24677
2024|28798
2024|29420
2024|30861
2024|39580
2024|45951
2024|54874
2024|56361
2024|70873
2024|74780
2024|5875
2024|2521
2024|2523
2024|2539
2024|2573
2024|2587
2024|2595
2024|2615
2024|2633
2024|2644
2024|2648
2024|2670
2024|2701
2024|2707
2024|2710
2024|2762
2024|2777
2024|2783
2024|2799
2024|2810
2024|2821
2024|2824
2024|2856
2024|2862
2024|2874
2024|2890
2024|2917
2024|2931
2024|3824
2024|3842
2024|3868
2024|3880
2024|3887
2024|3915
2024|3923
2024|3940
2024|3980
2024|4004
2024|4024
2024|4026
2024|4032
2024|4073
2024|4092
2024|4102
2024|4155
2024|4163
2024|4177
2024|4224
2024|4231
2024|4263
2024|4291
2024|4316
2024|4320
2024|4337
2024|4375
2024|4389
2024|4390
2024|4404
2024|4432
2024|4438
2024|3702
2024|4461
2024|4495
2024|4499
2024|4504
2024|4510
2024|4511
2024|4534
2024|4552
2024|4569
2024|4587
2024|4591
2024|4596
2024|4660
2024|4694
2024|4706
2024|4710
2024|4800
2024|4804
2024|4831
2024|4837
2024|4839
2024|4867
2024|4869
2024|4881
2024|4891
2024|4892
2024|4903
2024|4912
2024|4917
2024|4926
2024|4937
2024|4943
2024|4951
2024|4955
2024|4979
2024|5051
2024|5082
2024|5092
2024|5110
2024|5142
2024|5162
2024|5171
2024|5172
2024|5180
2024|5213
2024|5226
2024|5248
2024|5249
2024|5250
2024|5265
2024|5284
2024|5304
2024|5332
2024|5364
2024|5365
2024|5366
2024|5371
2024|5383
2025|71799
2025|45678
2024|5418
2024|5419
2024|5478
2024|5506
2024|5539
2024|5553
2024|5560
2024|5598
2024|5601
2024|5603
2024|5620
2024|5629
2024|5635
2024|5651
2024|5661
2024|5663
2024|5664
2024|5705
2024|56305
2024|96825
2024|5717
2024|5737
2024|5764
2024|5784
2024|5788
2024|5791
2024|5806
2024|5829
2024|5841
2024|5845
2024|5848
2024|5865
2024|5868
2024|5880
2024|5884
2024|5906
2024|8561
2024|57138
2024|5921
2024|5929
2024|5959
2024|5990
2024|6010
2024|6022
2025|39965
2024|6028
2024|6063
2024|6087
2024|6099
2024|6116
2024|6117
2024|6128
2024|6163
2024|6182
2024|6269
2024|6290
2024|6303
2024|6316
2024|6346
2024|6364
2024|6377
2024|6391
2024|6477
2024|6485
2024|6513
2024|6539
2024|6558
2024|6576
2024|6585
2024|6665
2024|6666
2024|6673
2024|6684
2024|6757
2024|6781
2024|6792
2024|6797
2024|6799
2024|6815
2024|6817
2024|6884
2024|6892
2024|6894
2024|6902
2024|20975
2024|26434
2024|39052
2024|55028
2024|55598
2024|70238
2024|87951
2024|6918
2024|6921
2024|6932
2024|6946
2024|6949
2024|6999
2024|7011
2024|7057
2024|7066
2024|7080
2024|7105
2024|7147
2024|7153
2024|7182
2024|7195
2024|7324
2024|7320
2024|7378
2024|7398
2024|7412
2024|7427
2024|7440
2024|7467
2024|7470
2024|7507
2024|7526
2024|7531
2024|7546
2024|7549
2024|7575
2024|7604
2024|7637
2024|7642
2024|7657
2024|7683
2024|7716
2024|7773
2024|7804
2024|7827
2024|7850
2024|7872
2024|7875
2024|7937
2024|7941
2024|8008
2024|8013
2024|8017
2024|8019
2024|8042
2024|8076
2024|8100
2024|8182
2024|8340
2024|8366
2024|8384
2024|8442
2024|8491
2024|8540
2024|8548
2024|8569
2024|8596
2024|8610
2024|8638
2024|8643
2024|8705
2025|110678
2025|109314
2024|45929
2024|72307
2025|99121
2024|8786
2024|21736
2024|25847
2024|27591
2024|26781
2024|28526
2024|29578
2024|39661
2024|44137
2024|45691
2024|54911
2024|8733
2024|8737
2024|8752
2024|8757
2024|8758
2024|8774
2024|8790
2024|74793
2024|7618
2024|8281
2024|70315
2024|28146
2024|8815
2024|4749
2024|39502
2024|41618
2024|45200
2024|55789
2024|55597
2024|72612
2024|73972
2024|84789
2024|86346
2024|89858
2024|8869
2024|8900
2024|25394
2024|45298
2024|2155
2024|2629
2024|2963
2024|3116
2024|3186
2024|3199
2024|3210
2024|3472
2024|3478
2024|3568
2024|3587
2024|3652
2024|3781
2024|3813
2024|4118
2024|4377
2024|4450
2024|4518
2024|4965
2024|5170
2024|5291
2024|5335
2024|5549
2024|5646
2024|5986
2024|6217
2024|6340
2024|6927
2024|7041
2024|7287
2024|7680
2024|7815
2024|7952
2024|7963
2024|8508
2024|8522
2024|8533
2024|8613
2024|8724
2024|8857
2024|8915
2024|8939
2024|8969
2024|8983
2024|8998
2024|9013
2024|9025
2024|9027
2024|9133
2024|9140
2024|9192
2024|9221
2024|9280
2024|9305
2024|9323
2024|9377
2024|9425
2024|9430
2024|9489
2024|9506
2024|9522
2024|9528
2024|9550
2024|9554
2024|9561
2024|9589
2024|9593
2024|9606
2024|9611
2024|9633
2024|9677
2024|9702
2024|9721
2024|9729
2024|9739
2024|9770
2024|9776
2024|9820
2024|9848
2024|9949
2024|9992
2024|9998
2024|10012
2024|10035
2024|10037
2024|10040
2024|10072
2024|10075
2024|10117
2024|10131
2024|10138
2024|10155
2024|10184
2024|10326
2024|10364
2024|10396
2024|10407
2024|10438
2024|10447
2024|10448
2024|10494
2024|10504
2024|10543
2024|10559
2024|10591
2024|10693
2024|10719
2024|10751
2024|10772
2024|20574
2024|20717
2024|20737
2024|20752
2024|20755
2024|20771
2024|20809
2024|20810
2024|20883
2024|20884
2024|20915
2024|20924
2024|20970
2024|20980
2024|20982
2024|21000
2024|21032
2024|21033
2024|21048
2024|21053
2024|21100
2024|21143
2024|21163
2024|21184
2024|21190
2024|21235
2024|21300
2024|21337
2024|21374
2024|21490
2024|21617
2024|21645
2024|21690
2024|21731
2024|21834
2024|21869
2024|21921
2024|21924
2024|22096
2024|22113
2024|22165
2024|22197
2024|22293
2024|22323
2024|22353
2024|22377
2024|22418
2024|22440
2024|22527
2024|22535
2024|22705
2024|22809
2024|22977
2024|23044
2024|23072
2024|23108
2024|23164
2024|23168
2024|23184
2024|23276
2024|23354
2024|23447
2024|23460
2024|23480
2024|23520
2024|23636
2024|24014
2024|24109
2024|24225
2024|24274
2024|24361
2024|24544
2024|24587
2024|24657
2024|24742
2024|24761
2024|24826
2024|24892
2024|25011
2024|25068
2024|25171
2024|25291
2024|25377
2024|25421
2024|25436
2024|25463
2024|25527
2024|25536
2024|25569
2024|25771
2024|25889
2024|25991
2024|26133
2024|26191
2024|26220
2024|26385
2024|26408
2024|26436
2024|26473
2024|26721
2024|26745
2024|26761
2024|26853
2024|26900
2024|26987
2024|26994
2024|27045
2024|27066
2024|27075
2024|27212
2024|27288
2024|27465
2024|27476
2024|27495
2024|27502
2024|27542
2024|27735
2024|27987
2024|28033
2024|28063
2024|28094
2024|28134
2024|28135
2024|28148
2024|28402
2024|28439
2024|28474
2024|28483
2024|28485
2024|28597
2024|28744
2024|28813
2024|28830
2024|28859
2024|28890
2024|28970
2024|29116
2024|29245
2024|29348
2024|29354
2024|29413
2024|29543
2024|29643
2024|29750
2024|29833
2024|29903
2024|30032
2024|30036
2024|30059
2024|30173
2024|30392
2024|30398
2024|30474
2024|30565
2024|30719
2024|30763
2024|30778
2024|30956
2024|30967
2024|31007
2024|54999
2024|55155
2024|55333
2024|55435
2024|55542
2024|55558
2024|55764
2024|55807
2024|56118
2024|56168
2024|56218
2024|56333
2024|56359
2024|56471
2024|56604
2024|56722
2024|56912
2024|57071
2024|57120
2024|57158
2024|57338
2024|57371
2024|57452
2024|57471
2024|57501
2024|57509
2024|57723
2024|57940
2024|58091
2024|58191
2024|58256
2024|58322
2024|58346
2024|58610
2024|58677
2024|58701
2024|58930
2024|59098
2024|59124
2024|59141
2024|59169
2024|59343
2024|59511
2024|59522
2024|38839
2024|59563
2024|59584
2024|38984
2024|59726
2024|39114
2024|59742
2024|39260
2024|59866
2024|39403
2024|39431
2024|39450
2024|39604
2024|39754
2024|39781
2024|39823
2024|39826
2024|39957
2024|39979
2024|39994
2024|40534
2024|40555
2024|40820
2024|40940
2024|41024
2024|41130
2024|41203
2024|41207
2024|41599
2024|41927
2024|42040
2024|42219
2024|42278
2024|42283
2024|42548
2024|42840
2024|42973
2024|43128
2024|43164
2024|43289
2024|43376
2024|43469
2024|43635
2024|43675
2024|43737
2024|43870
2024|43924
2024|44219
2024|44424
2024|44522
2024|44612
2024|44674
2024|44738
2024|44817
2024|44951
2024|45061
2024|45140
2024|45668
2024|45732
2024|45828
2024|45872
2024|45911
2024|45954
2024|46053
2024|46090
2024|46173
2024|46226
2024|46481
2024|46606
2024|69082
2024|69098
2024|69138
2024|69144
2024|69339
2024|69631
2024|69647
2024|69682
2024|70024
2024|70144
2024|70329
2024|70439
2024|70590
2024|70594
2024|70805
2024|70812
2024|70964
2024|71050
2024|71075
2024|71226
2024|71258
2024|71313
2024|71319
2024|71379
2024|71391
2024|71461
2024|71482
2024|71553
2024|71613
2024|71669
2024|71716
2024|71775
2024|71855
2024|71872
2024|72074
2024|72219
2024|72309
2024|72431
2024|72616
2024|72735
2024|72761
2024|72884
2024|72911
2024|72913
2024|72943
2024|73029
2024|73142
2024|73378
2024|73411
2024|73744
2024|73943
2024|73956
2024|74364
2024|74629
2024|74833
2024|74866
2024|74981
2024|75029
2024|75090
2024|75241
2024|75268
2024|75370
2024|54266
2024|54273
2024|75417
2024|75473
2024|54419
2024|54621
2024|54774
2024|75764
2024|54873
2024|76078
2024|76473
2024|76613
2024|76649
2024|76935
2024|76940
2024|76962
2024|77007
2024|77344
2024|83482
2024|83622
2024|83710
2024|83943
2024|83951
2024|83963
2024|84187
2024|84298
2024|84330
2024|84393
2024|84565
2024|84712
2024|84766
2024|84811
2024|85358
2024|85481
2024|85541
2024|85619
2024|85640
2024|85797
2024|85879
2024|85947
2024|85974
2024|86146
2024|86242
2024|86248
2024|86405
2024|86617
2024|86726
2024|86728
2024|86795
2024|86882
2024|86971
2024|86973
2024|87049
2024|87100
2024|87113
2024|87314
2024|87336
2024|87434
2024|87537
2024|87663
2024|87746
2024|88024
2024|88058
2024|88063
2024|88289
2024|88444
2024|88512
2024|88521
2024|88524
2024|88564
2024|88771
2024|88923
2024|89009
2024|89193
2024|89274
2024|89286
2024|89299
2024|89370
2024|89536
2024|89622
2024|89710
2024|89780
2024|89798
2024|89846
2024|90034
2024|90097
2024|90270
2025|96476
2025|96580
2025|96631
2025|96644
2025|96657
2025|96768
2025|96770
2025|96811
2025|96864
2025|96888
2025|96903
2025|97073
2025|97087
2025|97102
2025|97444
2025|97534
2025|97613
2025|97631
2025|97641
2025|97661
2025|97713
2025|97877
2025|97905
2025|98112
2025|98176
2025|98363
2025|98500
2025|98515
2025|98777
2025|98819
2025|98825
2025|98909
2025|98962
2025|99011
2025|99013
2025|99039
2025|99086
2025|99285
2025|99314
2025|99407
2025|99472
2025|99592
2025|99670
2025|99729
2025|99775
2025|99808
2025|99878
2025|99910
2025|99997
2025|100047
2025|100161
2025|100181
2025|100261
2025|100270
2025|100277
2025|100283
2025|100535
2025|100567
2025|100690
2025|100706
2025|100713
2025|100803
2025|100838
2025|100894
2025|101012
2025|106942
2025|106997
2025|107178
2025|107327
2025|107814
2025|108208
2025|108530
2025|108675
2025|108758
2025|108763
2025|108769
2025|109043
2025|109177
2025|109283
2025|109352
2025|109502
2025|109503
2025|109525
2025|109695
2025|109803
2025|109821
2025|110233
2025|110509
2025|110688
2025|110729
2025|110739
2025|110812
2025|111089
2025|111152
2025|111214
2025|111286
2025|111344
2025|111356
2025|111486
2025|111598
2025|111744
2025|111746
2025|111770
2025|111772
2025|111797
2025|132823
2025|118144
2025|118159
2025|118284
2025|118325
2025|118573
2025|118596
2025|118825
2025|119119
2025|119194
2025|119362
2025|119396
2025|119677
2025|119838
2025|119979
2025|120109
2025|112059
2025|120312
2025|120446
2025|120893
2025|120937
2025|121013
2025|121156
2025|121242
2025|121291
2025|121521
2025|121543
2025|121697
2025|121823
2025|121831
2025|122019
2025|122179
2025|122220
2025|122386
2025|122444
2025|122791
2025|122799
2025|122959
2025|122973
2025|123082
2025|123237
2025|23819
2025|129464
2025|129607
2025|129625
2025|129819
2025|130010
2025|130018
2025|130058
2025|130189
2025|130549
2025|130626
2025|130640
2025|130738
2025|130850
2025|130856
2025|130904
2025|130906
2025|130964
2025|130994
2025|131155
2025|131165
2025|131206
2025|131246
2025|131441
2025|131611
2025|131641
2025|131668
2025|149231
2025|131884
2025|133929
2025|132359
2025|132373
2025|132395
2025|132422
2025|132542
2025|132677
2025|132725
2025|132878
2025|133033
2025|133165
2025|133252
2025|133379
2025|133439
2025|133633
2025|133778
2025|133801
2025|133804
2025|133805
2025|134002
2025|134021
2025|134379
2025|134568
2025|134742
2025|134886
2025|134907
2025|134991
2025|135072
2025|135203
2025|135279
2025|162907
2025|135362
2025|135586
2025|135782
2025|143547
2025|143583
2025|143618
2025|143771
2025|144068
2025|144108
2025|144121
2025|144122
2025|144671
2025|144771
2025|144782
2025|144862
2025|145038
2025|145069
2025|145079
2025|145207
2025|145350
2025|145412
2025|145433
2025|145641
2025|145840
2025|146148
2025|146278
2025|146393
2025|146610
2025|146919
2025|147250
2025|147294
2025|147415
2025|147469
2025|147527
2025|147585
2025|147646
2025|147867
2025|148126
2025|148174
2025|148243
2025|148408
2025|148442
2025|148486
2025|148526
2025|148553
2025|148602
2025|148758
2025|148819
2025|148835
2025|148891
2025|148919
2025|149087
2025|149108
2025|149217
2025|149473
2025|149710
2025|149844
2025|158823
2025|158926
2025|159174
2025|159490
2025|159555
2025|159682
2025|159689
2025|159750
2025|159770
2025|159784
2025|159872
2025|159888
2025|159977
2025|160348
2025|160429
2025|160461
2025|160524
2025|160612
2025|160759
2025|160796
2025|161028
2025|161104
2025|161118
2025|161319
2025|161471
2025|161479
2025|161749
2025|161818
2025|161823
2025|161898
2025|161933
2025|162051
2025|162160
2025|162280
2025|162415
2025|162625
2025|162844
2025|162854
2025|163173
2025|163228
2025|163231
2025|163272
2025|163612
2025|163655
2025|163928
2025|163975
2025|163990
2025|164429
2025|165104
2025|171060
2025|171245
2025|171745
2025|171747
2025|171816
2025|171860
2025|171867
2025|172246
2025|172247
2025|172255
2025|172436
2025|172542
2025|172786
2025|172847
2025|173094
2025|173363
2025|173702
2025|173766
2025|174017
2025|174360
2025|174447
2025|174465
2025|174726
2025|175222
2025|175376
2025|175719
2025|183702
2025|183895
2025|183984
2025|184620
2025|184778
2025|185024
2025|185059
2025|185481
2025|185538
2025|185561
2025|185621
2025|185745
2025|185929
2025|185930
2025|185936
2025|185977
2025|186619
2025|186733
2025|186755
2025|186791
2025|187136
2025|187731
2025|213114
2025|215633
2025|216410
2025|217714
2025|218768
2025|188000
2025|188025
2025|188026
2025|188065
2025|188361
2025|188390
2025|188410
2025|188738
2025|189053
2025|189244
2025|189319
2025|189330
2025|189402
2025|189589
2025|189695
2025|190173
2025|190252
2025|198198
2025|197279
2025|197633
2025|197646
2025|197750
2025|198139
2025|198301
2025|198641
2025|199185
2025|199201
2025|199218
2025|199501
2025|200042
2025|200436
2025|200546
2025|201063
2025|201213
2025|201427
2025|201429
2025|201631
2025|201656
2025|201990
2025|202021
2025|202324
2025|202404
2025|202498
2025|202577
2025|202612
2025|202619
2025|202726
2025|203260
2025|203382
2025|203408
2025|203593
2025|203794
2025|203806
2025|204080
2025|204330
2025|204350
2025|204536
2025|204551
2025|212958
2025|213205
2025|213308
2025|213549
2025|213774
2025|214181
2025|214339
2025|214476
2025|214569
2025|215025
2025|215111
2025|215189
2025|215283
2025|215322
2025|215577
2025|215634
2025|215906
2025|216137
2025|216640
2025|217037
2025|217254
2025|217450
2025|217468
2025|217979
2025|218051
2025|218116
2025|218201
2025|218209
2025|218250
2025|218784
2025|219053
2025|219360
2025|219398
2025|219609
2025|219680
2025|219850
2025|219907
2025|219973
2025|219977
2025|220540
2025|228153
2025|228177
2025|228293
2025|228389
2025|228444
2025|228663
2025|228718
2025|228769
2025|228938
2025|229173
2025|229407
2025|230140
2025|230310
2025|230331
2025|230480
2025|230723
2025|231297
2025|231515
2025|231749
2025|232161
2025|232296
2025|232416
2025|232496
2025|232541
2025|232571
2025|232739
2025|233126
2025|233674
2025|233720
2025|233982
2025|240596
2025|240980
2025|241034
2025|241150
2025|241408
2025|241504
2025|242052
2025|242092
2025|242135
2025|242245
2025|242734
2025|243120
2025|243204
2025|243286
2025|243675
2025|243893
2025|244798
2025|244953
2025|245141
2025|245170
2025|245569
2025|245653
2025|245891
2025|245927
2025|246181
2025|246306
2026|252712
2026|253738
2026|254868
2026|255290
2026|261560
2026|262996
2026|263402
2026|265636
2026|276793
2026|277543
2026|288900
2026|290550
2026|277210
2026|278901
2024|27949
2024|39243
2024|15
2024|5
2024|1387
2024|15264
2024|12419
2024|13473
2024|15400
2024|14088
2024|11230
2024|15955
2024|12499
2024|27
2024|43
2024|14744
2024|17002
2024|19667
2024|59
2024|17905
2024|83
2024|90
2024|99
2024|33146
2024|35378
2024|1415
2024|15716
2024|17311
2024|31560
2024|34821
2024|103
2024|1801
2024|16898
2024|19014
2024|125
2024|144
2024|114
2024|1565
2024|37483
2024|13607
2024|14720
2024|11639
2024|168
2024|18534
2024|164
2024|1621
2024|20131
2024|181
2024|1896
2024|11447
2024|17291
2024|38597
2024|259
2024|155
2024|161
2024|32376
2024|35073
2024|10861
2024|277
2024|51727
2024|51620
2024|248
2024|35289
2024|230
2024|220
2024|218
2024|18195
2024|215
2024|214
2024|212
2024|211
2024|202
2024|49837
2024|35561
2024|392
2024|368
2024|363
2024|343
2024|334
2024|317
2024|315
2024|295
2024|36233
2024|47418
2024|13083
2024|17894
2024|50089
2024|32881
2024|857
2024|13283
2024|14290
2024|16243
2024|18993
2024|33257
2024|46910
2024|48253
2024|49845
2024|64872
2024|577
2024|576
2024|575
2024|560
2024|555
2024|545
2024|534
2024|532
2024|510
2024|482
2024|493
2024|411
2024|401
2024|399
2024|1662
2024|14043
2024|19466
2024|65234
2024|34540
2024|10878
2024|12029
2024|15229
2024|18770
2024|712
2024|703
2024|697
2024|698
2024|702
2024|684
2024|678
2024|675
2024|663
2024|647
2024|626
2024|622
2024|609
2024|64364
2024|60657
2024|80367
2024|796
2024|887
2024|803
2024|807
2024|813
2024|828
2024|833
2024|835
2024|845
2024|859
2024|877
2024|959
2024|976
2024|79966
2024|11669
2024|13105
2024|14835
2024|15204
2024|16075
2024|17932
2024|19091
2024|920
2024|921
2024|948
2024|958
2024|995
2024|1000
2024|1032
2024|1038
2024|1146
2024|15829
2024|1156
2024|1167
2024|1169
2024|1016
2024|1018
2024|1021
2024|751
2024|738
2024|737
2024|722
2024|1180
2024|1185
2024|1202
2024|1130
2024|1103
2024|1112
2024|1048
2024|1054
2024|1056
2024|1062
2024|1207
2024|1212
2024|1220
2024|1221
2024|1228
2024|1239
2024|1238
2024|1249
2024|61302
2024|62461
2024|1295
2024|1299
2024|1311
2024|1468
2024|1404
2024|1901
2024|1906
2024|1924
2024|10850
2024|10947
2024|10980
2024|11027
2024|11028
2024|61734
2024|11119
2024|81840
2024|11205
2024|11219
2024|11224
2024|11241
2024|11278
2024|11284
2024|11311
2024|11319
2024|11321
2024|11326
2024|11345
2024|11411
2024|11372
2024|11427
2024|11494
2024|11497
2024|11523
2024|11527
2024|11545
2024|11549
2024|11451
2024|11466
2025|51070
2025|60637
2024|11556
2025|66296
2024|11573
2024|11577
2024|11611
2024|11614
2024|11629
2024|11632
2024|11634
2025|77357
2024|11648
2024|11655
2024|11663
2024|11685
2024|11699
2024|11724
2024|11736
2024|11753
2024|11754
2024|11772
2024|11774
2024|11792
2024|11806
2024|11811
2024|11815
2024|11820
2024|11821
2024|11835
2024|11854
2024|11866
2024|11870
2024|11877
2024|11891
2024|11895
2024|11902
2024|11906
2024|11923
2024|13696
2024|62262
2024|11924
2024|11930
2024|11940
2024|11955
2024|11958
2024|11975
2024|33771
2024|63979
2024|11992
2024|11993
2024|12013
2024|12024
2024|12036
2024|12042
2024|12049
2024|12060
2024|12061
2024|12091
2024|12112
2024|12118
2024|12128
2024|12142
2024|12173
2024|12198
2024|12199
2024|12219
2024|12221
2024|12324
2024|12252
2024|12270
2024|15769
2024|12296
2024|12305
2024|12309
2024|12310
2024|12322
2024|12356
2024|12359
2024|12360
2024|12365
2024|12400
2024|12406
2024|12409
2024|12439
2024|12471
2024|12482
2024|12495
2024|12511
2024|12512
2024|12529
2024|12534
2024|12535
2024|12553
2024|12559
2024|12562
2024|12569
2024|12617
2024|12639
2024|12661
2024|12679
2024|12681
2024|12689
2024|12765
2024|12777
2024|12790
2024|12829
2024|12852
2024|12857
2024|12992
2024|13018
2024|13022
2024|13023
2025|78811
2024|13041
2024|13061
2024|13065
2024|13073
2024|13074
2024|13075
2024|13079
2024|13109
2024|13133
2024|13173
2024|13181
2024|52681
2024|62335
2024|65219
2024|93891
2024|13210
2024|13223
2024|13255
2024|13276
2024|13277
2024|13286
2024|13300
2024|13317
2024|13321
2024|13334
2024|13345
2025|103655
2024|49438
2025|105631
2024|13402
2024|13447
2024|13465
2024|13467
2024|13475
2024|13481
2024|13486
2024|13488
2024|13500
2024|13537
2024|13579
2024|13594
2024|13602
2024|13618
2024|13674
2024|13676
2024|13855
2024|13860
2024|13870
2024|13950
2024|14078
2024|14086
2024|14324
2024|14359
2024|15073
2024|14409
2025|114379
2024|14270
2024|14583
2024|14631
2024|77620
2024|32406
2024|96372
2024|14719
2024|14766
2024|14795
2025|114438
2024|14838
2024|14854
2024|14879
2024|14900
2024|14961
2024|15114
2024|15118
2024|15153
2024|15158
2024|15172
2024|16331
2024|135
2024|800
2024|837
2024|852
2024|878
2024|884
2024|1278
2024|1438
2024|1458
2024|1462
2024|1530
2024|1894
2024|11212
2024|11799
2024|12871
2024|13338
2024|13706
2024|14075
2024|14235
2024|14357
2024|15024
2024|15197
2024|15299
2024|15369
2024|15424
2024|15464
2024|15466
2024|15560
2024|15607
2024|15767
2024|15787
2024|15827
2024|15928
2024|16108
2024|16128
2024|16216
2024|16228
2024|16286
2024|16294
2024|16422
2024|16464
2024|16516
2024|16547
2024|16583
2024|16650
2024|16675
2024|16762
2024|16895
2024|17132
2024|17165
2024|17231
2024|17285
2024|17421
2024|17467
2024|17576
2024|17935
2024|17989
2024|18052
2024|18053
2024|18157
2024|18338
2024|18437
2024|18458
2024|18487
2024|18507
2024|18661
2024|19037
2024|19041
2024|19293
2024|19579
2024|19639
2024|19641
2024|19643
2024|19646
2024|19648
2024|19649
2024|19652
2024|19659
2024|19662
2024|19671
2024|19672
2024|19697
2024|19703
2024|19717
2024|19721
2024|19760
2024|19769
2024|19842
2024|19849
2024|19883
2024|19886
2024|19889
2024|19890
2024|19891
2024|19907
2024|20006
2024|20009
2024|20034
2024|20036
2024|20069
2024|20074
2024|20080
2024|20086
2024|20121
2024|20124
2024|20129
2024|20154
2024|20169
2024|20171
2024|20174
2024|20180
2024|20197
2024|20201
2024|20256
2024|20287
2024|20304
2024|20331
2024|20344
2024|20351
2024|20358
2024|20363
2024|20366
2024|20371
2024|20373
2024|20382
2024|20391
2024|20392
2024|20400
2024|20456
2024|20481
2024|20502
2024|20530
2024|31204
2024|31214
2024|31464
2024|31469
2024|31542
2024|31639
2024|31649
2024|31659
2024|31740
2024|32039
2024|32054
2024|32059
2024|32096
2024|32126
2024|32160
2024|32162
2024|32195
2024|32251
2024|32260
2024|32263
2024|32264
2024|32270
2024|32273
2024|32290
2024|32300
2024|32322
2024|32329
2024|32330
2024|32334
2024|32352
2024|32401
2024|32403
2024|32415
2024|32419
2024|32432
2024|32446
2024|32459
2024|32465
2024|32466
2024|32531
2024|32545
2024|32553
2024|32560
2024|32572
2024|32590
2024|32594
2024|32605
2024|32608
2024|32619
2024|32623
2024|32631
2024|32633
2024|32646
2024|32650
2024|32653
2024|32658
2024|32662
2024|32681
2024|32684
2024|32687
2024|32688
2024|32689
2024|32734
2024|32780
2024|32782
2024|32799
2024|32827
2024|32856
2024|32884
2024|32900
2024|32908
2024|32940
2024|32973
2024|33003
2024|33033
2024|33089
2024|33272
2024|33324
2024|33457
2024|33680
2024|33886
2024|33955
2024|34036
2024|34113
2024|34375
2024|34489
2024|34679
2024|34763
2024|34804
2024|34979
2024|35048
2024|35127
2024|35275
2024|35332
2024|35902
2024|35991
2024|36006
2024|36013
2024|36063
2024|36242
2024|36328
2024|36363
2024|36395
2024|36484
2024|36519
2024|36581
2024|36612
2024|36632
2024|36701
2024|36753
2024|36776
2024|36982
2024|37065
2024|37107
2024|37136
2024|37343
2024|37513
2024|37543
2024|37789
2024|37818
2024|37865
2024|37867
2024|37982
2024|38006
2024|38087
2024|38257
2024|38422
2024|38467
2024|38541
2024|38660
2024|60079
2024|60104
2024|60277
2024|60325
2024|60517
2024|60535
2024|60566
2024|60598
2024|60736
2024|60931
2024|61012
2024|61030
2024|61045
2024|61084
2024|61143
2024|61274
2024|61306
2024|61425
2024|61427
2024|61444
2024|61456
2024|61525
2024|61645
2024|61671
2024|61767
2024|61856
2024|62037
2024|62094
2024|62529
2024|62538
2024|62604
2024|62616
2024|62678
2024|62708
2024|62731
2024|62745
2024|62772
2024|62814
2024|62950
2024|63048
2024|63124
2024|63126
2024|63145
2024|63209
2024|63331
2024|63354
2024|63416
2024|63481
2024|63636
2024|63661
2024|63788
2024|63809
2024|63932
2024|63958
2024|64065
2024|64258
2024|64276
2024|64355
2024|64595
2024|64679
2024|64856
2024|64893
2024|65032
2024|65267
2024|65327
2024|65554
2024|65711
2024|65773
2024|65846
2024|65991
2024|66229
2024|66397
2024|66429
2024|66531
2024|66561
2024|66903
2024|66972
2024|67024
2024|67087
2024|67149
2024|67169
2024|67225
2024|67232
2024|67248
2024|67256
2024|67275
2024|67305
2024|46744
2024|46763
2024|67374
2024|46798
2024|67448
2024|67501
2024|67518
2024|67595
2024|67707
2024|47076
2024|67757
2024|67903
2024|47308
2024|67957
2024|67993
2024|47422
2024|68103
2024|68149
2024|47529
2024|47651
2024|68365
2024|47727
2024|68421
2024|47848
2024|68504
2024|47904
2024|68583
2024|68605
2024|47991
2024|47996
2024|48013
2024|68688
2024|68692
2024|68788
2024|48204
2024|48207
2024|48353
2024|48355
2024|48542
2024|48613
2024|48657
2024|48837
2024|48948
2024|48983
2024|49050
2024|49051
2024|49069
2024|49096
2024|49240
2024|49253
2024|49286
2024|49487
2024|49574
2024|49668
2024|49756
2024|49834
2024|49841
2024|49843
2024|49857
2024|49963
2024|50060
2024|50127
2024|50726
2024|50758
2024|50840
2024|50922
2024|51080
2024|51184
2024|51189
2024|51327
2024|51533
2024|51631
2024|51948
2024|52025
2024|52258
2024|52375
2024|52429
2024|52487
2024|52590
2024|52686
2024|52687
2024|52818
2024|52967
2024|53093
2024|53162
2024|53206
2024|53398
2024|53557
2024|53889
2024|53957
2024|82347
2024|82348
2024|82432
2024|82679
2024|82686
2024|82788
2024|83065
2024|77450
2024|77603
2024|83411
2024|77816
2024|77834
2024|77867
2024|78238
2024|78604
2024|78962
2024|78963
2024|79050
2024|79172
2024|79593
2024|80026
2024|80027
2024|80029
2024|80178
2024|80546
2024|80987
2024|81108
2024|81172
2024|81178
2024|81269
2024|81299
2024|81317
2024|81323
2024|81356
2024|81662
2024|81750
2024|81790
2024|81796
2024|82066
2024|82122
2024|90454
2024|90555
2024|90563
2024|90637
2024|90683
2024|90936
2024|91019
2024|91072
2024|91099
2024|91184
2024|91323
2024|91386
2024|91458
2024|91515
2024|91628
2024|91720
2024|91727
2024|91784
2024|91863
2024|92076
2024|92226
2024|92396
2024|92397
2024|92475
2024|92580
2024|92602
2024|92935
2024|93003
2024|93038
2024|93170
2024|93240
2024|93257
2024|93383
2024|93640
2024|93784
2024|93805
2024|93910
2024|93913
2024|94003
2024|94023
2024|94172
2024|94350
2024|94424
2024|94443
2024|94496
2024|94555
2024|94572
2024|94671
2024|94684
2024|94771
2024|94848
2024|94896
2024|94953
2024|94961
2024|95022
2024|95026
2024|95072
2024|95243
2024|95347
2024|95496
2024|95521
2024|95601
2024|95764
2024|95918
2024|96034
2024|96125
2024|96138
2024|96203
2024|96394
2024|96395
2025|113768
2025|113691
2025|123539
2025|101101
2025|101150
2025|101238
2025|101260
2025|101297
2025|101300
2025|101462
2025|101566
2025|101703
2025|101965
2025|102056
2025|102231
2025|102309
2025|102467
2025|102596
2025|102665
2025|102939
2025|102944
2025|102956
2025|103167
2025|103174
2025|103291
2025|103338
2025|103727
2025|103822
2025|103918
2025|104059
2025|104113
2025|104152
2025|104352
2025|104514
2025|104559
2025|104840
2025|104894
2025|104907
2025|105117
2025|105164
2025|105280
2025|105661
2025|105678
2025|106144
2025|106185
2025|106200
2025|106330
2025|106652
2025|106745
2025|106747
2025|127624
2025|115934
2025|116033
2025|116054
2025|116102
2025|116344
2025|116519
2025|116775
2025|116980
2025|117003
2025|117124
2025|117300
2025|112277
2025|112334
2025|112377
2025|112455
2025|112475
2025|112572
2025|112618
2025|112860
2025|112868
2025|112960
2025|113516
2025|113520
2025|113618
2025|113756
2025|113902
2025|113950
2025|114371
2025|114543
2025|114610
2025|114862
2025|114873
2025|114880
2025|115272
2025|115428
2025|115531
2025|115590
2025|115650
2025|115712
2025|117490
2025|117510
2025|117615
2025|117952
2025|117983
2025|140002
2025|123464
2025|123555
2025|123577
2025|123757
2025|123963
2025|124000
2025|124109
2025|124303
2025|124349
2025|124442
2025|124486
2025|125798
2025|125801
2025|125889
2025|126093
2025|126195
2025|125193
2025|125448
2025|125516
2025|125606
2025|125675
2025|124624
2025|124640
2025|124933
2025|124938
2025|125035
2025|125048
2025|126646
2025|126783
2025|126852
2025|126995
2025|127037
2025|127106
2025|127118
2025|127323
2025|126282
2025|127709
2025|127746
2025|127814
2025|127824
2025|127941
2025|128211
2025|128242
2025|128404
2025|128573
2025|128660
2025|128713
2025|128811
2025|129065
2025|129132
2025|129196
2025|142156
2025|138445
2025|136268
2025|136357
2025|136569
2025|136611
2025|136622
2025|136813
2025|136927
2025|137123
2025|137241
2025|137474
2025|137497
2025|137511
2025|137560
2025|137803
2025|137963
2025|138108
2025|138300
2025|138341
2025|138421
2025|138578
2025|138737
2025|138780
2025|138808
2025|138857
2025|138878
2025|139170
2025|139219
2025|139250
2025|139283
2025|139432
2025|139591
2025|139835
2025|140061
2025|140153
2025|140495
2025|140598
2025|140650
2025|140673
2025|140925
2025|141295
2025|141348
2025|141447
2025|141616
2025|141641
2025|141721
2025|141733
2025|141789
2025|141997
2025|142035
2025|142082
2025|142389
2025|142482
2025|142908
2025|150189
2025|150290
2025|150881
2025|150934
2025|151267
2025|151427
2025|151735
2025|151950
2025|151968
2025|166399
2025|152229
2025|152368
2025|152421
2025|152690
2025|153041
2025|153059
2025|153229
2025|153321
2025|153324
2025|153349
2025|153399
2025|153494
2025|153611
2025|153632
2025|153771
2025|153812
2025|154406
2025|154432
2025|154620
2025|154676
2025|154778
2025|154960
2025|155192
2025|155207
2025|155342
2025|155443
2025|155835
2025|156089
2025|156119
2025|156199
2025|156561
2025|156565
2025|156616
2025|156706
2025|156922
2025|157307
2025|157650
2025|157717
2025|158005
2025|158273
2025|158524
2025|167457
2025|165196
2025|165372
2025|165485
2025|165816
2025|166175
2025|166193
2025|166211
2025|166250
2025|166340
2025|166598
2025|166684
2025|166998
2025|167134
2025|167190
2025|167417
2025|167461
2025|167541
2025|167869
2025|167941
2025|168157
2025|168554
2025|168809
2025|169543
2025|169673
2025|169691
2025|170068
2025|170312
2025|170454
2025|170478
2025|170701
2025|170716
2025|170786
2025|170902
2025|170987
2025|176130
2025|176844
2025|176977
2025|177052
2025|177286
2025|177724
2025|177953
2025|178184
2025|178444
2025|178758
2025|178853
2025|178899
2025|179011
2025|179016
2025|179331
2025|179442
2025|179671
2025|179696
2025|179906
2025|180047
2025|180203
2025|180240
2025|180437
2025|180540
2025|180816
2025|180884
2025|180938
2025|181167
2025|181182
2025|181392
2025|181401
2025|181630
2025|181676
2025|181679
2025|181775
2025|181987
2025|182127
2025|182189
2025|206902
2025|207862
2025|208427
2025|209128
2025|209984
2025|221943
2025|190428
2025|190580
2025|190790
2025|191213
2025|191447
2025|191460
2025|191606
2025|191617
2025|191708
2025|191753
2025|191956
2025|192000
2025|192076
2025|192227
2025|192618
2025|192638
2025|193345
2025|193763
2025|193844
2025|193988
2025|194092
2025|194206
2025|226053
2025|195690
2025|195844
2025|196015
2025|196158
2025|196787
2025|196868
2025|196957
2025|197002
2025|205320
2025|205516
2025|205894
2025|205907
2025|206028
2025|206113
2025|206118
2025|206200
2025|206513
2025|206578
2025|206595
2025|206769
2025|206817
2025|206839
2025|206886
2025|207615
2025|207666
2025|208071
2025|208505
2025|208749
2025|208972
2025|209101
2025|209262
2025|209269
2025|209614
2025|209667
2025|210013
2025|210326
2025|210409
2025|210763
2025|210769
2025|210771
2025|210832
2025|211601
2025|211703
2025|211754
2025|211835
2025|211880
2025|238279
2025|238150
2025|194821
2025|195174
2025|212108
2025|212111
2025|212189
2025|212452
2025|212478
2025|212647
2025|221177
2025|223428
2025|223510
2025|223797
2025|223884
2025|223951
2025|224559
2025|224840
2025|225172
2025|225365
2025|225612
2025|225829
2025|226045
2025|226611
2025|226788
2025|226803
2025|226825
2025|227294
2025|234519
2025|234537
2025|234740
2025|235145
2025|235159
2025|235165
2025|235397
2025|235516
2025|236007
2025|236033
2025|236742
2025|236851
2025|236949
2025|237019
2025|237824
2025|237834
2025|237902
2025|238178
2025|238245
2025|238728
2025|239296
2025|246751
2025|246785
2025|247157
2025|247182
2025|247240
2025|248443
2025|249257
2025|249803
2025|249997
2025|250035
2025|251188
2026|257148
2026|257546
2026|258915
2026|260103
2026|260144
2026|260429
2026|268032
2026|272798
2026|281673
2026|283973
2026|284954
2026|285759
2026|286126
2026|287801
2026|297583
2026|300103
2026|301967